-10.8203 7.05078 0.0776155 1.90039 4.60938 1.73188 -0.217651 
1.13477 10.4766 0.0494319 1.90625 4.40234 1.66375 -0.313965 
8.28906 12.0312 0.15886 1.90234 4.42188 1.73426 -0.195557 
5.82812 11.6797 0.174676 1.91797 4.57031 1.7531 -0.226318 
10.7812 12.6562 0.236634 1.90625 4.40625 1.66619 -0.187866 
5.57812 -1.12988 -0.0765726 1.96387 4.70312 1.80137 -0.179932 
10.5078 -0.00183105 0.153131 1.91113 4.41797 1.70534 -0.245239 
-13.1406 6.52734 0.134503 1.91895 4.42969 1.70222 -0.222656 
-3.85352 9.14062 0.118735 1.86719 4.49219 1.73376 -0.288086 
-20.7188 5.05859 -0.101386 1.93652 4.69531 1.75173 -0.299805 
-15.5781 5.66406 0.0121621 1.93066 4.49609 1.77531 -0.215942 
-23.0469 4.22656 0.269555 1.87891 4.38281 1.5768 -0.332031 
13.125 13.4766 0.275082 1.87012 4.34375 1.59266 -0.174072 
-18.8281 -7.11719 -0.171364 1.84082 4.42578 1.74701 -0.226807 
-16.625 -6.14844 -0.0531136 1.71875 3.94336 1.70061 -0.259766 
15.7969 13.625 0.379436 1.89062 4.44922 1.65313 -0.167236 
-13.5469 -2.4043 -0.00160468 0.593262 0.421875 1.72244 1.80469 
-12.2656 -3.31641 0.0423624 0.623535 0.503906 1.81815 4.57391 
