0.607716
0.533483
0.494628
0.482632
0.478878
0.424889
0.391602
0.364717
0.308953
0.293279
0.264387
0.254683
0.226249
0.224484
0.215374
0.198466
0.198295
0.187532
0.176179
0.160960
0.154168
0.147535
0.141116
0.140908
0.136303
0.131728
0.130588
0.122793
0.111829
0.111800
0.111296
0.105475
0.093067
0.093040
0.093023
0.092544
0.088079
0.084698
0.063096
0.251366
0.173908
0.158270
0.154536
0.147903
0.147614
0.141449
0.136061
0.111432
0.108980
0.098932
0.098901
0.095963
0.095420
0.086693
0.084969
0.082755
0.074822
0.072744
0.069438
0.055438
0.052757
0.160205
0.109958
0.103076
0.096799
0.091588
0.091558
0.086399
0.053671
0.052608
0.051296
0.254858
0.138689
0.097505
0.218746
0.134224
0.124412
0.106221
0.091581
0.087614
0.084625
0.084405
0.083807
0.073265
0.067587
0.060307
0.050173
0.062481
0.051774
0.147992
0.134825
0.096017
0.091902
0.592748
0.324957
0.277961
0.257884
0.252222
0.234502
0.219204
0.206173
0.194428
0.193904
0.182063
0.175110
0.141693
0.137733
0.136113
0.133567
0.116984
0.115190
0.103995
0.102583
0.102203
0.100789
0.099020
0.095041
0.094824
0.091379
0.091337
0.086254
0.085960
0.232982
0.167322
0.157527
0.154392
0.148001
0.147586
0.142401
0.139639
0.137426
0.131139
0.114109
0.112947
0.111580
0.111393
0.106537
0.102141
0.093860
0.088321
0.088305
0.087525
0.087427
0.085505
0.084686
0.084383
0.055129
