-1.658298 20.321037 -1.347978 1.863252 4.309647 1.648708 1.537443
-13.906218 -18.076073 -1.232211 1.894430 4.337257 1.661407 4.751519
-23.869753 -14.050166 -1.349800 1.873967 4.378407 1.626055 1.731812
-4.038946 -18.337746 -1.493371 2.063287 4.660493 1.889984 4.599798
-23.794767 1.710124 -1.394946 1.941942 4.536884 1.721068 5.205552
6.051077 -9.075948 -1.479744 1.864404 4.464247 1.651530 4.429152
21.959438 -12.081870 -0.956358 1.910947 4.379567 1.701462 4.653863
18.975466 -12.084097 -1.112983 2.042286 4.812632 1.836525 4.807505
-1.517492 15.004331 -1.326320 1.865425 4.400266 1.661651 4.524510
17.817774 -18.957069 -1.316911 1.949672 4.598173 1.786542 4.724811
8.874758 -8.140085 -1.562129 1.879093 4.390495 1.638804 4.367667
-2.342163 17.492939 -1.368875 1.895423 4.516079 1.748310 1.440064
1.947723 -11.545938 -1.383295 1.979185 4.674964 1.786513 4.513823
15.831010 -11.615243 -1.086136 1.980516 4.603992 1.762513 4.743208
8.816520 -24.296501 -1.588562 1.902878 4.437819 1.619396 4.516109
-13.008671 7.943667 -1.426389 2.008016 4.730030 1.946357 6.291885
14.012353 12.959674 -1.207123 1.950252 4.500743 1.686174 4.477740
19.968472 20.397263 -1.018198 1.967682 4.590429 1.715307 6.130641
-19.512287 -19.369453 -1.261139 1.893688 4.248572 1.681381 1.641348
12.040357 12.612115 -1.246100 1.921158 4.483393 1.644169 6.354023
18.270016 -22.398617 -1.405399 1.934019 4.625352 1.655747 4.628510
12.552198 -12.111079 -1.283996 1.935967 4.405997 1.708005 4.478590
23.351200 -13.366343 -0.908487 1.937030 4.405457 1.717619 6.517645
-6.724020 20.947489 -1.284975 1.918622 4.334554 1.711545 4.728679
18.941982 18.493608 -1.169476 1.983424 4.609157 1.741005 1.438312
-10.447830 -20.969694 -1.388422 2.009398 4.708778 1.754907 4.462629
4.088455 -11.920880 -1.486309 1.859027 4.204156 1.568714 4.374055
-10.687768 22.400692 -0.963732 1.992810 4.618854 1.882296 6.304565
-5.852600 -13.065772 -1.459257 1.874658 4.292961 1.597742 4.492198
-11.164115 2.614008 -1.527328 1.759037 4.439608 1.583840 4.716433
11.686904 -6.714757 -1.438542 1.910673 4.600121 1.695530 4.301225
21.758665 20.396112 -1.071674 1.971588 4.472884 1.707555 3.255095
-24.334463 -0.045311 -1.383502 1.981444 4.693544 1.810765 6.493955
-23.362734 -18.940460 -1.306237 1.921765 4.434021 1.737547 4.568690
-1.732266 19.017996 -1.372240 1.912337 4.394318 1.684026 1.531268
-14.582756 -5.679541 -1.577767 1.841570 4.342224 1.546666 4.902740
-4.051196 15.025450 -1.449892 2.044673 4.235461 1.736220 1.297377
-13.707805 -20.820118 -1.263065 1.954968 4.439015 1.698713 1.478636
19.293743 -17.270933 -1.343589 2.003813 4.633847 1.866161 3.174521
10.776296 1.649391 -1.439322 1.973800 4.702209 1.735674 1.271066
22.131357 18.499233 -1.091787 1.928594 4.504051 1.677766 4.788183
18.882298 -14.469019 -1.224484 1.907025 4.399206 1.694674 1.660844
3.743521 12.533512 -1.484424 1.889666 4.299004 1.660693 4.492763
-10.778296 -2.148609 -1.645427 1.884471 4.383600 1.550552 4.483567
18.336346 -20.921637 -1.356769 1.976187 4.703734 1.717919 4.548344
18.500319 -24.363152 -1.421230 1.895032 4.406713 1.597871 4.672781
12.594326 -14.479907 -1.343834 1.879607 4.346800 1.658129 4.416269
-6.766825 -18.101320 -1.393780 2.069481 4.913954 1.911161 4.474823
-4.618113 -20.942781 -1.574293 1.922209 4.486272 1.707785 4.273376
-9.028735 -21.947687 -1.432188 1.972134 4.677680 1.680458 1.279709
-7.318913 -11.605221 -1.578138 1.821737 4.220511 1.595625 4.583455
-1.163731 12.151113 -1.352756 1.811888 4.375221 1.639165 4.480795
-12.643209 0.157349 -1.616211 1.816348 4.280762 1.532891 4.588483
1.379930 15.448709 -1.560856 1.907269 4.434654 1.735032 4.476313
-10.820713 -5.179258 -1.664288 1.964707 4.863514 1.701371 4.542602
3.146167 -19.531576 -1.540536 2.055617 4.784414 1.915372 4.834918
-8.141544 -9.025140 -1.643883 1.753294 4.269728 1.554975 4.595618
-22.139292 2.584904 -1.365828 1.915448 4.518587 1.664226 4.346829
20.418327 17.040064 -1.122517 2.002055 4.717165 1.759458 6.322104
-5.139199 -18.408237 -1.415633 2.107880 5.083823 1.925158 4.501534
18.895823 -12.109185 -1.203614 2.234759 5.446549 2.048288 4.807742
-23.823755 2.142914 -1.456973 2.202369 5.353196 1.887430 2.711257
3.086453 -19.898535 -1.545112 2.057910 4.871539 1.898432 4.835255
17.817774 -18.957069 -1.316911 1.949672 4.598173 1.786542 4.724811
22.111389 -12.071255 -0.895673 1.937067 4.493200 1.733296 4.664023
15.700864 -11.682034 -1.112592 2.023235 4.786356 1.846346 4.634748
-1.635617 17.488001 -1.360548 1.908161 4.518651 1.746206 4.587663
-13.012942 8.438355 -1.519733 2.473650 6.035838 2.557074 3.151614
-12.669919 10.520123 -1.769924 2.976049 13.942396 4.020395 3.268839
-6.580129 -18.851568 -1.485915 2.395335 5.900010 2.389987 4.414230
-7.562326 -9.652709 -1.572381 0.663458 1.577590 1.291089 4.741916
3.226932 -11.945395 -1.388047 0.591505 1.688280 1.276386 6.372724
4.340406 7.577433 -1.498543 0.651589 0.642500 1.612373 5.826523
7.142439 -23.877958 -1.666464 0.579833 0.581578 1.605748 2.841712
-0.240947 10.075367 -1.460845 0.669132 0.724719 1.717716 2.106162
2.329315 -8.035921 -1.411047 0.555506 0.560029 1.613060 6.121503
13.619611 -15.017446 -1.204683 0.593814 0.572431 1.715434 6.496408
-0.286614 14.655256 -1.397956 0.638391 0.665509 1.650924 2.761375
7.185816 -9.113525 -1.636173 0.619448 0.660379 1.604905 6.045471
-8.612085 -21.449711 -1.479139 0.619653 0.649283 1.677585 5.967696
4.613935 -5.678820 -1.349629 0.549439 0.581774 1.427067 5.996840
13.901698 -13.002924 -1.196512 0.662810 0.706604 1.849022 6.232948
-0.667886 14.526174 -1.429845 0.622752 0.655008 1.567522 5.448120
-23.515678 0.755040 -1.331912 0.621453 0.659650 1.590024 6.046782
4.676795 -5.689586 -1.323661 0.375905 0.402306 1.112636 5.604857
20.336906 -12.038997 -0.977790 2.576411 0.654684 1.110849 4.920911
11.564610 2.641398 -1.248787 1.913665 0.528762 1.036320 2.992321
16.496277 -23.413723 -1.468237 1.770924 0.608783 1.062437 6.119474
